100
600
6
13 5
14 1
17 1
19 3
24 2
29 4
36 2
40 4
42 1
48 2
51 5
51 2
64 4
65 2
69 3
89 3
103 5
113 3
114 2
117 3
123 4
128 1
137 5
139 2
145 3
147 4
149 2
152 4
155 4
158 1
165 5
180 1
181 2
204 2
206 4
208 3
211 5
221 3
235 2
240 4
241 1
249 5
252 5
263 2
263 2
264 4
268 3
270 2
278 4
280 4
295 3
305 4
309 3
309 1
313 3
320 3
325 5
329 5
329 1
343 3
350 4
363 2
364 4
374 4
382 2
388 2
394 4
396 5
426 5
438 4
443 3
443 5
445 4
452 4
456 2
458 3
465 3
467 4
479 4
484 2
485 3
486 1
490 1
509 2
514 1
514 3
524 2
535 5
535 1
536 4
553 5
555 5
556 1
561 3
561 2
569 2
570 2
582 3
582 2
594 3
