100
600
11
2 10
5 8
9 1
15 4
37 4
40 7
53 6
56 8
66 3
67 4
77 1
78 5
85 8
92 4
102 8
110 2
111 8
116 7
126 2
129 10
146 8
181 1
185 6
204 2
215 5
231 6
244 7
245 9
252 1
255 9
258 6
265 5
266 4
271 3
274 1
288 10
291 9
305 5
308 10
310 7
318 10
331 3
335 2
338 4
342 5
350 3
352 7
354 4
354 5
355 9
362 4
363 9
370 7
371 5
371 9
384 10
391 7
409 2
413 4
414 1
418 9
419 9
420 9
420 4
423 6
427 10
428 5
438 7
442 10
443 5
446 2
447 5
448 4
462 3
468 5
483 1
485 5
491 3
494 4
497 3
499 10
499 3
503 8
513 1
521 2
525 5
528 3
530 7
533 1
533 4
547 7
553 3
554 1
562 1
564 5
568 1
577 2
583 10
589 9
590 3
