100
600
8
5 1
9 6
11 3
24 3
24 1
29 3
32 6
34 4
48 4
55 6
76 7
81 7
88 3
89 6
91 5
97 4
98 4
109 6
121 1
130 3
131 7
137 2
138 7
151 6
164 4
173 1
179 2
185 5
186 4
189 5
194 7
197 3
206 6
211 4
212 2
234 6
250 4
251 2
252 4
253 4
256 4
257 3
258 6
282 5
283 4
292 3
293 5
293 4
294 2
296 2
296 3
312 4
319 2
324 3
330 2
331 7
337 3
347 7
348 4
352 6
364 6
373 2
404 4
408 1
409 7
411 6
414 4
416 4
423 6
429 1
437 7
437 6
443 3
448 5
455 2
456 4
458 6
461 4
464 5
474 7
489 7
489 4
502 4
502 4
507 1
513 2
516 7
519 3
522 2
539 7
539 1
544 5
547 5
559 7
563 5
574 6
576 4
584 7
588 5
588 5
