100
100
8
0 5
0 6
1 5
2 5
3 7
6 3
7 5
8 2
8 6
9 2
10 7
12 4
13 5
15 6
17 6
17 1
18 2
20 3
20 5
21 1
21 1
22 4
23 3
25 3
26 4
28 7
30 1
31 7
32 6
34 1
34 2
34 6
39 4
39 2
40 6
41 2
44 4
44 4
45 7
46 7
47 5
49 5
50 2
51 4
51 1
54 5
58 2
60 3
60 2
61 4
61 3
62 4
62 7
62 6
63 7
64 5
65 1
66 1
66 3
67 3
67 2
67 5
67 3
68 4
70 6
70 7
70 7
71 6
72 3
72 3
72 2
73 4
73 3
74 1
74 2
75 7
75 2
77 1
78 7
79 1
79 2
81 3
81 4
82 3
83 3
83 3
83 5
84 4
84 5
86 7
86 7
87 2
88 6
91 3
91 3
91 4
92 5
92 6
94 5
94 3
