100
100
11
0 8
0 5
1 1
1 3
2 9
3 3
3 9
3 1
8 7
8 8
8 10
11 1
12 3
13 10
15 9
15 7
16 3
16 8
19 2
19 8
21 2
21 1
26 6
27 2
28 3
31 4
31 6
33 10
34 5
34 2
36 1
36 9
36 6
38 4
39 10
39 3
42 3
42 6
44 3
46 7
49 2
50 4
50 2
51 10
53 1
53 10
55 6
55 1
56 3
56 10
56 5
57 4
57 7
58 4
59 6
60 5
62 10
63 7
63 4
65 10
66 4
66 7
66 6
67 2
68 3
68 9
69 9
69 1
69 4
70 7
70 3
71 5
73 1
74 4
77 6
77 9
77 1
77 6
81 9
81 5
82 1
82 1
82 5
82 4
82 1
83 8
83 8
84 5
85 4
86 5
87 9
87 8
88 9
92 9
93 3
93 1
96 4
99 7
99 2
99 7
