100
200
8
2 3
2 7
3 5
4 2
6 3
9 2
11 1
14 5
14 4
15 6
17 5
22 2
23 5
23 5
24 7
26 1
28 7
30 3
33 5
35 6
35 5
37 6
39 7
49 6
50 7
51 3
52 5
52 3
54 6
56 5
60 7
67 1
68 2
73 1
73 6
76 4
76 2
80 5
81 5
82 3
83 5
84 5
88 3
88 5
88 1
91 6
99 2
104 5
106 7
107 5
108 6
114 6
124 3
125 4
126 4
127 3
129 7
132 2
132 6
132 6
134 5
134 3
135 3
137 5
140 5
141 1
143 6
144 2
144 3
147 4
148 4
149 3
150 5
151 2
151 7
151 5
152 1
152 5
155 5
157 2
159 5
159 5
160 2
161 4
163 6
167 6
168 4
172 1
180 1
180 4
185 3
185 4
185 1
186 4
187 7
187 5
189 7
191 2
196 5
198 3
