100
200
6
2 3
9 5
9 4
9 3
9 1
11 5
11 1
14 5
16 1
19 5
20 5
21 4
22 5
22 2
24 2
24 5
26 3
26 2
30 2
32 4
34 2
35 2
37 3
38 3
39 3
39 4
43 1
48 3
50 3
55 2
63 2
63 3
63 3
67 3
68 2
68 5
68 2
70 4
70 4
74 1
74 2
76 2
78 1
78 1
80 2
84 5
85 3
86 1
92 3
94 2
97 2
97 2
99 2
100 2
103 3
109 1
110 3
112 5
114 4
115 1
116 1
118 5
123 2
123 4
129 1
131 4
132 3
133 4
135 5
137 5
138 2
140 2
143 1
143 2
152 3
159 4
160 1
163 1
164 5
166 3
166 1
167 1
170 1
172 1
172 1
173 4
173 3
175 3
183 2
186 3
186 5
188 2
189 5
190 3
191 3
192 5
196 2
197 5
197 1
198 2
