100
200
11
1 7
4 10
7 10
10 8
12 2
12 2
14 9
16 4
22 1
23 5
26 10
27 8
30 7
31 9
32 3
34 2
38 4
42 2
45 10
45 6
57 9
57 3
61 3
61 7
61 2
63 9
67 7
67 5
68 10
69 7
69 8
71 8
72 7
73 7
75 4
76 4
81 8
81 6
83 6
84 4
84 1
85 7
86 2
89 9
90 10
90 2
96 8
97 10
97 8
103 2
105 6
105 10
106 8
108 3
112 7
114 9
115 5
117 2
118 5
118 8
119 10
120 7
120 5
121 8
127 10
129 1
130 1
132 9
134 9
136 10
138 3
138 2
140 10
141 9
142 6
144 5
144 9
148 9
148 6
149 3
150 3
151 8
152 2
157 5
159 2
160 8
161 9
163 2
165 8
165 5
166 5
166 1
168 5
172 9
183 4
188 9
189 4
193 8
194 10
195 9
